4685405617310037|07|26|200
4677853508779697|05|24|690
4847831561351724|07|25|056
4847187846673808|09|28|333
4019240177321836|10|28|301
4833160269965494|07|28|486
4897841408984297|03|27|198
5269560000549335|10|25|916
4896742120885716|09|25|913
4766410007096610|08|28|069
5488093901249412|11|24|556
4100390581895584|09|24|560
5162400071571991|06|28|296
4775710408318011|12|25|922
4283322080694464|05|24|909
5264711032534333|03|28|229
4221740086735574|09|26|792
4628880291322963|05|24|208
5291499129149226|01|27|891
5289190010749802|12|24|554
4147202477983884|02|26|656
4092013290177702|09|24|071
4842810730711930|05|24|525
4283322075964699|05|24|540
4266841791396268|11|28|524
4183580215306103|04|27|147
5324380018219729|07|28|312
4966040123967465|01|25|238
5204165119395295|03|26|675
4980059727816920|09|25|461
4165987712969097|10|28|608
4029886040872302|05|24|886
5156768598348392|08|26|228
5210120024151335|09|24|685
5472310310316105|05|24|114
5178057638377239|03|28|878
5227014285212137|01|28|234
5178006984281859|09|26|582
4520855100047950|03|28|546
4580390002742919|05|27|848
4980005783469740|07|27|754
4364486400180702|05|24|083
4043860065784223|04|26|227
5264711025443179|12|26|014
5154340173012751|05|27|943
4284559949766491|01|25|308
4922780331271738|08|26|028
5455122806416633|05|27|823
4610460232518563|11|27|064
4034090002692591|12|24|417
4259585002391415|05|24|387
5384640016405050|06|27|185
4940197145000245|02|30|556
5521154006319895|05|24|418
4534410316036191|03|25|870
4311701727487000|05|28|702
4582634016261905|03|28|452
4494652481060062|09|26|646
5196032117187340|05|24|452
4580270102955837|02|26|061
4525861227371807|07|27|969
4019240189897989|09|28|024
4980118200463384|02|30|243
5166452519215216|06|27|511
4093290000425386|12|26|493
5333171149953677|12|26|532
5520977003399408|01|26|117
5465946343028008|05|24|170
4973559629481128|09|25|994
5400126100756186|04|26|700
4852464292755708|12|25|177
4539850185903325|02|28|585
5120915000004872|05|24|537
4868601000022317|07|25|556
4580800003971119|10|26|342
5196032118297155|07|24|305
4701320326648561|03|26|910
4430440067114173|12|26|938
4649889434937715|10|25|895
4867960067824788|02|28|284
4050371100908520|09|24|020
4147400196271272|07|27|047
4235680100432481|01|27|342
4055992047282201|12|25|043
4678512140178754|06|24|649
4396490132959419|12|28|520
5163610246670622|07|27|935
4283322079664213|05|24|438
4297690188610861|05|27|029
4019240138223113|03|26|506
4050990000833528|10|26|200
4280670099592522|07|26|499
5488093709524503|01|28|908
5374100014196021|02|25|247
4076130019722988|05|28|835
4097480506338284|03|26|113
4430440068844950|01|27|502
4232231083179856|01|26|373
4328690202419250|12|26|725
5264711017363716|06|25|588
4773760108258928|07|24|764
4141700005976961|05|24|128
5229489801049080|07|25|379
4207670277519529|07|27|332
5425504503592906|07|24|988
4704685699003280|08|28|774
5110988968037160|12|28|627
4388576181622401|03|29|627
5354564622629158|10|26|015
5265570034762204|10|28|216
4055992097576452|03|25|999
4124510159241653|02|29|506
5178058495873831|06|26|778
4319407171735405|05|24|054
4641099969135283|01|25|909
5354564631142375|01|26|435
4538920007529136|10|26|605
5417020007618774|05|26|252
5178059448182072|02|27|395
4293205200066200|12|29|495
5354569750775939|04|26|706
4773760102180615|07|24|258
4239530073047673|08|24|926
4143980394850005|06|25|809
4980059906898103|01|26|737
5208327467541005|02|26|893
4117704093303658|05|28|018
5447685825908799|02|25|177
5521153301506495|05|24|081
4535060154108500|12|28|462
4205240213827303|01|26|844
4019240126123713|11|27|827
5264711005358264|12|26|821
4283322080645581|05|24|620
5351201966687038|04|28|235
5354564660787389|12|25|187
5269013300734199|11|24|780
5312550002810824|12|28|701
5188346826132029|12|24|490
4392770188323758|04|25|619
5455126215015225|04|27|024
4564680110161717|03|26|556
4386680038075102|05|24|746
3584030083807722|06|24|852
4980738956194725|12|27|961
5217295353897840|11|24|222
4921674512271370|04|26|822
5415030020039884|10|28|912
4622391108069108|03|27|085
4980118017264785|11|24|307
4974908018222065|03|26|198
5528518829647620|12|24|504
5435680885167950|07|26|783
5218876000950519|05|24|846
4633413885146136|04|25|063
4906386958551400|08|26|483
4355410701570644|04|25|864
5575245283013345|09|26|318
4585940079236065|09|24|204
5214652691888936|10|26|256
4019240380036700|08|24|315
5402052411598026|12|26|750
4677853508735012|05|24|800
5284973014217701|08|25|181
5326102318731288|01|26|708
4417701004862860|06|25|806
4182301009308705|08|28|994
4293136800119240|12|25|329
4505530339990481|04|27|623
4980005343301128|01|26|809
4031484600349287|06|25|290
5163610237824717|07|27|971
4984069270685537|10|28|035
4628450042267113|02|25|753
5521154006329662|05|24|064
5466971800099770|05|24|467
4265882013805166|11|24|286
6011005255339346|12|27|767
5413013601062014|04|26|449
5296533149201032|10|26|168
4259585002367084|05|24|149
4628450040815095|11|25|407
5548274125884006|07|27|353
5178058952571464|03|25|791
4100390171042795|05|26|583
5354632524901890|06|26|773
6011014834778636|10|25|992
4097480300412301|12|25|850
5399816151455885|01|28|239
4027665838918051|07|27|266
5488093802224852|07|27|509
4901180003745090|01|25|594
4519932152603650|06|29|215
4283322079546725|05|24|248
4297700001406189|08|26|084
4859320143371488|07|25|083
5599380003275718|12|24|741
4539716807329274|02|27|288
4147202650099862|12|28|791
5522392335926001|09|24|626
4980059670510512|06|26|492
4842810338929843|05|24|124
5355220953517566|11|27|691
4462924219197351|02|26|588
5217295363900386|03|25|768
4482330121092761|03|26|297
5210120004817947|01|25|539
4546320614371115|02|26|759
4105881101942679|09|24|342
5243250305129816|09|24|364
4551751083916018|09|24|180
4835850015624621|07|28|163
4293209204805134|03|30|610
4283322075673200|05|24|551
5178058690828804|10|27|573
4165490124649647|06|27|968
5521154007514569|02|26|095
5523224081561733|06|26|912
4147181693542312|02|28|331
5329548209646034|10|25|827
5223031151969032|02|27|337
4744800092252150|03|29|127
4031630486878449|01|29|590
4570665011157205|05|24|142
5217295372752562|11|25|902
4628450049160394|01|25|041
5336210019217883|06|26|880
5284972458638679|01|25|214
5175461680691146|09|27|966
5324380012656496|08|28|861
4147202325642302|10|25|471
4054330116294057|07|24|752
4580980103764323|05|27|470
4037660021540893|04|27|331
4599540117792238|04|27|445
5409120049408406|06|24|827
4901210100564308|03|28|852
6011002892315847|06|26|754
5455122801419640|01|28|587
5241700022320918|05|24|285
4738191001043072|05|24|109
4017954200261452|12|26|548
4890870041341075|10|24|607
5217295409594359|03|27|933
5460150031380095|05|24|274
3573714353331108|05|26|167
5355842302284992|05|28|408
4347350003089961|07|25|723
4842810730721723|05|24|425
4541903532257006|08|26|326
4890870011137131|11|24|008
5354567064560484|01|29|877
4029875523765406|05|24|456
4766630078033255|12|25|886
4201920065454983|06|24|918
5497821804637682|04|26|758
4645831102371987|10|24|283
4283322080308834|05|24|696
5101332581700618|11|28|429
4050161661197005|07|24|764
5196032117282810|05|24|734
5262256884416256|04|26|341
4030570002732269|03|28|013
3540420973731004|04|27|328
4297710001482460|01|28|289
4245866134778407|05|25|597
4634050303694575|04|26|533
5521159003360420|05|24|629
5280133424279437|12|27|168
5175461669525737|03|28|861
4980013952498540|07|28|059
4081810052541931|11|28|653
5177900010470596|08|26|770
4596930010196350|12|27|878
4553580450851120|06|25|767
5521153300615735|07|26|275
5241701010539113|05|24|600
5399767199887565|06|25|319
4031630702667824|11|28|133
5265570066180473|11|27|010
4599857915177010|02|26|995
4580090109765165|02|28|560
4634050403079354|03|26|410
5100218001659453|11|26|409
4000222996903508|12|27|707
4901210049874768|06|28|633
4813690024792563|03|28|331
4475223605719752|11|27|656
4060320369668349|02|29|542
5361221017373451|06|24|131
4147181497164370|11|27|615
4283322079687164|05|24|002
4859320149006153|04|25|648
3584193270172407|07|27|685
4519922187366357|07|29|347
4430480080671296|10|26|431
4283322075806115|05|24|038
4347692054205248|03|29|046
4628450049856074|04|26|787
5110040540003516|11|24|791
4235680100838653|02|27|341
5208453403820277|07|26|561
4190028305319876|04|28|181
5210120082732646|11|24|670
5217295422203186|05|27|424
5447580914566576|12|24|000
4751170116615851|01|26|236
4920170042257980|11|27|382
5356810047910832|06|27|346
4279341102589003|01|25|737
4297690165236318|08|26|198
4162026210002359|07|24|320
5423398902449632|05|26|528
4342562459743066|09|26|364
4332870046213598|11|25|256
5399767179635976|04|26|882
5214987947075791|08|26|960
5275170005082548|07|28|299
5575191762107614|10|26|571
4847181793604668|01|29|163
4477578729101130|06|25|675
5279349889642090|08|24|239
5204166034367195|10|26|582
4165983420719007|11|27|045
5163830105064085|06|24|030
5488093905568734|08|24|049
5220780102327640|06|27|050
5210120085165331|01|25|728
4772133041172252|07|24|598
4232231159028847|05|27|342
4897845270178862|01|28|545
6011012015043424|02|28|406
5400670336964049|08|28|090
5217295389937883|06|26|473
4386680033420113|05|24|406
4205293040710002|11|27|928
5423398904676257|12|25|852
4852464238335870|07|25|621
5423398905677551|06|26|341
5579070121092657|10|25|843
5521159004274687|05|24|522
4691110189349114|01|29|834
4847831332231346|07|24|618
4980770226526295|06|27|742
3564580002303256|10|25|061
4541500553170017|12|24|547
5326103310723240|08|26|172
3586206419895007|04|26|065
5465520059819890|08|28|010
4596930020262499|08|28|417
4628450045675361|07|26|687
5196035000224286|02|26|409
4472890191879845|11|26|095
4852464685060872|05|28|740
3540451214131092|04|30|651
5422610002750839|02|25|232
5152412102737790|04|25|129
4284865208414610|10|24|476
5117862039929643|06|24|937
4169930871631898|12|24|791
4509200000545206|05|24|488
3573820453631048|05|29|149
4871320061212775|12|26|171
5455122904833952|06|25|267
4386799032011432|03|28|804
4141700005926453|05|24|781
4535060390413193|12|26|756
4792810000501458|03|28|347
4022023000767689|06|27|863
4535060261172944|05|28|648
4731980161916649|04|28|780
5402058061886017|01|28|951
5210120054913620|06|27|941
4090132372891345|10|28|662
4596930012469342|06|28|855
5589621611530099|09|24|205
4283322080502253|05|24|903
5521159003103259|12|25|504
5491862014305005|06|24|906
4055992044315863|12|25|663
5326100352775559|02|27|552
5540290019129280|12|27|341
4601991120435107|06|25|357
4266841535775504|12|26|563
5189550740801622|06|26|035
5491862011503875|05|24|273
4622391096634467|11|25|312
5354563103142442|07|27|606
5124580206430713|09|26|671
4766700002241033|05|24|942
5394111173586114|11|27|728
5178058665048925|09|28|370
4596930011189446|04|28|491
5208081627401036|08|27|836
5425504501274895|10|24|336
4365010002817617|05|24|192
4659445630263930|12|25|791
5459584655204673|12|26|747
4165983431047349|06|28|669
4019240296104683|01|26|394
4837968804432614|06|24|922
4297690167185711|09|26|495
4054971289077058|02|26|950
4420885622342481|07|28|900
5196032117466272|06|24|537
5129925040875869|04|27|907
5599944312868073|09|27|005
4142384568526338|05|29|240
5443114011550707|11|25|613
3582777972240819|12|27|462
5488093700882876|09|24|674
4141700005952061|10|27|709
4205295475985801|09|28|459
4980005526625525|08|25|712
4265696001797817|06|24|433
4661601248714138|03|28|550
4165986471964489|08|28|983
5153078172446437|09|27|913
4008992008322408|06|25|059
5548275016226165|04|26|882
4031630959047712|01|29|989
4147400318607718|08|26|734
4649950000706700|11|27|105
4028157180001347|06|25|960
4134991005028965|04|29|056
4031630899035785|11|28|664
4833120172994957|05|28|055
4596930015075286|04|28|913
4659352379707202|09|24|341
4165490175659131|06|28|366
4100390079381238|05|25|387
5463257197463594|07|27|931
4430440073414419|08|24|313
4263705020376727|02|26|190
3584198508145109|04|25|058
5217291898552719|08|25|282
4705380433198393|03|29|078
4569332801293673|10|28|312
5178057977702385|04|28|483
4400667314060702|05|27|516
4847181511171149|05|29|853
4421098337880006|08|27|370
4766630078104338|12|25|018
4766644571306019|11|26|114
4305640521791589|09|28|648
4661601243839757|08|27|624
4500655157122050|09|26|187
5324380014545036|05|28|263
3584030117383757|07|27|294
5188680706666114|08|25|524
4622391067325087|11|24|849
4661601218502778|11|24|911
5326555240808658|07|26|505
5252599425484008|10|24|593
5120899003661245|09|25|978
4097580195448359|06|30|282
4578950002346567|12|24|909
4546320271024189|03|27|341
5522283005202957|11|27|417
5248861541297608|07|27|173
4215848715121518|07|24|706
5399767199941180|02|25|042
4535060318265824|05|28|098
5334912209206798|11|26|810
5178059280930448|07|28|586
4596930000712265|08|27|119
4563310036680068|04|28|152
5252138123988000|02|29|428
4107930002550582|01|26|110
5463166601875501|12|28|103
4552051802632544|06|26|198
4019240242021783|01|26|412
4708510002844863|05|26|560
5424587006542941|11|27|743
4019240274550105|06|25|750
4524041803133472|10|25|783
4580170002528264|07|26|030
5312919676768404|10|24|627
4897842046286723|07|27|445
4031630822198957|11|28|555
5407160002365914|07|24|299
5509690004514579|12|25|336
5399767199919582|01|27|452
4985031127920219|04|27|413
5415900004313044|11|25|125
4097580833229542|09|31|993
4293209204459361|10|29|154
4019240179661635|12|27|912
4938311778646299|12|25|074
4280670010640525|08|27|560
4315037526806736|02|28|966
4427427058671993|04|26|432
5530021913249862|11|29|055
4830050103975929|01|25|999
4980141044016309|05|28|067
5574833749015540|07|27|088
5399767179974847|03|25|420
5466005405283503|05|24|594
3584030121145481|12|27|705
